pushplus_token: 123456abc ## pushplus推送token
refresh_token: 123456abc ## 阿里云网盘刷新token
bilibili_cookie: 123456abc ## B站cookie
jd_cookie: __jdu=168809509425436420776; shshshfpa=971b83fb-50ef-c3c8-4f0b-16148e5df95b-1688095094; shshshfpx=971b83fb-50ef-c3c8-4f0b-16148e5df95b-1688095094; cid=9; webp=1; mba_muid=168809509425436420776; visitkey=4876093260266577747; autoOpenApp_downCloseDate_jd_homePage=1699601823403_1; ipLoc-djd=12-904-907-50559; _pst=378441211-881260; logintype=qq; unick=%E5%8F%AB%E6%88%91%E5%B0%8F%E6%9B%BE; pin=378441211-881260; npin=378441211-881260; _tp=42x58TCytUsToGzMT8mTQF%2FbRJpDRJrznDu%2BP3F6UBQ%3D; unpl=JF8EALBnNSttD09UDUkLGxNFSlgEWw9fGB8CPG8FUlhYSAQGGQESFUd7XlVdXxRLFx9sbhRVVVNKVg4YBSsSEXteU11bD00VB2xXVgQFDQ8WUUtBSUt-TFVcWVoPSRMCbWQEZG1bS2QFGjIbFRlCXFxaXABOFAdqZQJRXllNUgIrAysVIHttVF9UDE8QM25XBGQfDBdWDR4AHRFdS1pdV1wATxYLamQBUV9fTlcEHQQcIhF7Xg; __jdv=229668127|baidu-search|t_262767352_baidusearch|cpc|699666350320_0_f519c810d04a4cfb90b917412a23286f|1701133427888; __jdc=122270672; wlfstk_smdl=mvu2q2srtks2uvck3ocjdoc13ttdrype; 3AB9D23F7A4B3C9B=RYUNO5PIHIF5SIS46O3D654626EDFP5QPVCMZHO3ODHID745LFWRWKERP2UFAKK3ZBXBII2TC3AVFYZCNYHNQ4LZEY; wxa_level=1; jxsid=17020049906711786850; appCode=ms0ca95114; sc_width=1920; equipmentId=RYUNO5PIHIF5SIS46O3D654626EDFP5QPVCMZHO3ODHID745LFWRWKERP2UFAKK3ZBXBII2TC3AVFYZCNYHNQ4LZEY; deviceVersion=119.0.0.0; deviceName=Chrome; jcap_dvzw_fp=7uwHhhmrzk2BhFVeXNbXcjAZlg5kNJ9c66DjpH5tpFpIEQ6k-ojK5qtIuiW6TKJsKTIConL9HpFQ3Y9sT2pVUA==; TrackerID=p70dRUwke-QbfjrQCTDSQqaPkVv8Vi7nj95V5HneuiBzYTY0asHaG9ta-ccgC-0dGWSw_OpPwaYQ4-I44CyVYP9i9AN7DefXFMhqAOOWqm8; pt_key=AAJlcokkADCbUHI2BFEtPhKnzSZ42XYFiSRjH7pdpWXnO77jLOhBRsBEykGYak6zZh2kN99feuM; pt_pin=378441211-881260; pt_token=99ft23g4; pwdt_id=378441211-881260; sfstoken=tk01me2c91d41a8sMisxeDMrMmRxb0bCF/qQitYvHEfTOlcCz2nhVLDpcOqa3Aqls+2Syfs4P1BqzIxdJNCQtNgJmhb9; whwswswws=; retina=1; __jda=122270672.168809509425436420776.1688095094.1702004990.1702014393.14; 3AB9D23F7A4B3CSS=jdd03RYUNO5PIHIF5SIS46O3D654626EDFP5QPVCMZHO3ODHID745LFWRWKERP2UFAKK3ZBXBII2TC3AVFYZCNYHNQ4LZEYAAAAMMI73KA2IAAAAACAZO7EZWDUFBRUX; _gia_d=1; share_cpin=; share_open_id=; share_gpin=; shareChannel=; source_module=; erp=; mt_xid=V2_52007VwMVW1RZWl4eQRxfAWIBFVdeWVRcGHkRWVEwVhVVD0QFW0tBBVkHMgMOW10LV0YbHB4PDGVWElNbWQFqHEgaXhlnAA5TVElSWBRMHlcAYTMQYl1oUloWQBhdBmUHEFdtWFtdHw%3D%3D; warehistory="10021989794844,"; cd_eid=jdd03RYUNO5PIHIF5SIS46O3D654626EDFP5QPVCMZHO3ODHID745LFWRWKERP2UFAKK3ZBXBII2TC3AVFYZCNYHNQ4LZEYAAAAMMI73KA2IAAAAACAZO7EZWDUFBRUX; fingerprint=3zETOcR8J8cCjpcx2cLHsFqr1zyjKVtE; deviceOS=android; deviceOSVersion=6.0; autoOpenApp_downCloseDate_autoOpenApp_autoPromptly=1702014408281_1; PPRD_P=UUID.168809509425436420776-LOGID.1702014408445.1488490331; cartNum=12; kplTitleShow=1; e_wq_addr=DNU1CJuyENC4DIU3GzPpDzTpCtqnEV8mTJdNTXU1CzO3TXU0HUPNXyV1DtcnHMV1EJYzCyV1DJCzGV8vdJHPCNuvdJczGUYvdJUyCzKvdJU2HOSvdJczGUYvdJHPDOSvdJu1HtHpTJdNTXU1CzO3TXU0HUPNTXU2DzPOTXU5DtCzTXU1CzDLTXU0HJK5TXU3C0PQTXU1CtCmTXU1DuHMTXU3C0PQTXU0HJHMTXU5DUY0TJdNCJO2BtG0DMUyGzC5BtuyCJu=; wq_addr=4551928385%7C1_72_2819_0%7C%u5317%u4EAC_%u671D%u9633%u533A_%u4E09%u73AF%u5230%u56DB%u73AF%u4E4B%u95F4_%7C%u5317%u4EAC%u671D%u9633%u533A%u4E09%u73AF%u5230%u56DB%u73AF%u4E4B%u95F4%7C116.444%2C39.9219; jdAddrId=1_72_2819_0; jdAddrName=%u5317%u4EAC_%u671D%u9633%u533A_%u4E09%u73AF%u5230%u56DB%u73AF%u4E4B%u95F4_; commonAddress=4551928385; regionAddress=1%2C72%2C2819%2C0; mitemAddrId=1_72_2819_0; mitemAddrName=%u5317%u4EAC%u671D%u9633%u533A%u4E09%u73AF%u5230%u56DB%u73AF%u4E4B%u95F4; shshshfpb=AAlEO-EeMEhuD-1Dvw8hPCxYUjl35WxaICVCUXwAAABAzNzg0NDEyMTEtODgxMjYw; wqmnx1=MDEyNjM4MXQubWFvYW5qMDY1ZDk0NjdsaUNuX00pZTVLaW9vTTVmLnJkMjRPSUhI; __jdb=122270672.9.168809509425436420776|14.1702014393; mba_sid=1702014393928585707081356783.11; __wga=1702014491723.1702014394324.1702004991231.1702004991231.6.2; jxsid_s_t=1702014491752; jxsid_s_u=https%3A//p.m.jd.com/cart/cart.action; __jd_ref_cls=MShopcart_Egg_Expo
