pushplus_token: 123456abc ## pushplus推送token
refresh_token: 123456abc ## 阿里云网盘刷新token
bilibili_cookie: 123456abc ## B站cookie
jd_cookie: __jdu=168809509425436420776; shshshfpa=971b83fb-50ef-c3c8-4f0b-16148e5df95b-1688095094; shshshfpx=971b83fb-50ef-c3c8-4f0b-16148e5df95b-1688095094; jcap_dvzw_fp=7uwHhhmrzk2BhFVeXNbXcjAZlg5kNJ9c66DjpH5tpFpIEQ6k-ojK5qtIuiW6TKJsKTIConL9HpFQ3Y9sT2pVUA==; whwswswws=; autoOpenApp_downCloseDate_autoOpenApp_autoPromptly=1702014408281_1; commonAddress=4551928385; regionAddress=1%2C72%2C2819%2C0; shshshfpb=AAkYf-EeMEhuD-1Dvw8hPCxYUjl35WxaICVCUYAAAABAzNzg0NDEyMTEtODgxMjYw; __jdv=76161171|www.bing.com|-|referral|-|1705555511520; 3AB9D23F7A4B3CSS=jdd03RYUNO5PIHIF5SIS46O3D654626EDFP5QPVCMZHO3ODHID745LFWRWKERP2UFAKK3ZBXBII2TC3AVFYZCNYHNQ4LZEYAAAAMNDMD6EKYAAAAADTTWMIATPCLT3EX; _gia_d=1; 3AB9D23F7A4B3C9B=RYUNO5PIHIF5SIS46O3D654626EDFP5QPVCMZHO3ODHID745LFWRWKERP2UFAKK3ZBXBII2TC3AVFYZCNYHNQ4LZEY; pinId=Eeq4QoZfRvwvFGIFfqAfR7V9-x-f3wj7; pin=378441211-881260; unick=%E5%8F%AB%E6%88%91%E5%B0%8F%E6%9B%BE; ceshi3.com=000; _tp=42x58TCytUsToGzMT8mTQF%2FbRJpDRJrznDu%2BP3F6UBQ%3D; _pst=378441211-881260; TrackID=1gbMd6R5x3VFfy0EmSwDc7FZ2QDl4BYBGYyP1AyRIVR3okvD_9DK02dMSeTtM-Cn1j5w8XTZolyWTrnFc6oYrlMW0hCO1cZRmy0oHNACYoks; thor=0C7470907005658E4C21462B43B6BD74D42A360BAFF0AD13EEE8B5B6F8AA7970AD76150AB189771B6206BC2D6976AE9021219230B36A5952795007A3D5129A35E1AFBD9A6DB92E6116FAD6A3FA66EA48909531D0F51161FA8C180FC3E6CD4413EFEDC73F19910ABD46CD573BFD705922EBAA1AA283EE1CF1BDA0B473EBA680DDA5DC5A971FC1F1B03C8A8FA9D7F2CCFB2962EB05FC6CB5222B99E8797C27350A; flash=2_fUsvP2EwzXOBedee7REEzjj-j_jxNyYjHfN7MK7xSiC9z_WkySmGleU_Mj3j269R-y70XE7QMVVptRtUa2uhcTigTRLJ04FhcOf2Z9pdGxN*; __jda=76161171.168809509425436420776.1688095094.1702014393.1705555512.15; __jdb=76161171.3.168809509425436420776|15.1705555512; __jdc=76161171; areaId=12; ipLoc-djd=12-904-0-0 ##京东cookie
