pushplus_token: 123456abc ## pushplus推送token
refresh_token: 123456abc ## 阿里云网盘刷新token
bilibili_cookie: 123456abc ## B站cookie
jd_cookie: unpl=JF8EAJdnNSttDxgHABhXTxIWSFRQW10ASh5WbmQABwhdSFwDGgtOG0N7XlVdWBRKEh9uZBRUW1NKVw4fCysSEXteU11bD00VB2xXXAQDGhUQR09SWEBJJVtcW1kPTh4Bb2Y1ZF5Ye1QEKwoTExFOW1VWXDhKJwRfVzVcVF1OVAErAysTIAkJCFpbCUIXCiJvDVVcXU1VDRoyGiIT; __jdu=990047090; 3AB9D23F7A4B3CSS=jdd03NGADT7BGKDRDBLYM4OAJR32KH4TUPAVOSJI3HVPWIOYNNEPAC3NU6HL5HKDSHNQNAOQKFMWHHOM4D4P7GGVNQMSVIYAAAAMOTYGCD5AAAAAACA45HB2YCUG6TIX; _gia_d=1; areaId=12; ipLoc-djd=12-904-0-0; PCSYCityID=CN_320000_320100_0; shshshfpa=1cac7902-a806-a319-89ad-ed6649904f94-1712048579; shshshfpx=1cac7902-a806-a319-89ad-ed6649904f94-1712048579; TrackID=1w6DejmGjp5CULRIjsE8nP9VDfc6kRXOJofa-dSDs1BXm78nX6ahe_1AumWNbl7JbOqMl2HDffBg9ee4bSy7FBsfiJ88oZpSBgG-WQCkpWbI; thor=0C7470907005658E4C21462B43B6BD74D42A360BAFF0AD13EEE8B5B6F8AA797078AE8B15D4C384B8C5B9F25D184FDB74643C731C6C2391493B1D9BF00A8A93122CD5CAE7A7456474858F5CB49F5E933097140950E73FD536A5C72AE4C1D3B3893477E472DFE3BFD18FE15347CC58CC6F8FF4EADB9382AFC46F949643B28247EEC1BEE6B4CF14750294F19658D454384972BDEAC759800DAFB44B999C15266847; flash=2_rhJ5QzHy_8jkLhu2_q_Hzg5JV_8IQD6_32jNODgofIcf3Yu656peYxaqTTDIP45INae2CP6jeRcVb7R_VA-KZIOSeF7hL07ySq1FADwHh9M*; pinId=Eeq4QoZfRvwvFGIFfqAfR7V9-x-f3wj7; pin=378441211-881260; unick=%E5%8F%AB%E6%88%91%E5%B0%8F%E6%9B%BE; ceshi3.com=000; _tp=42x58TCytUsToGzMT8mTQF%2FbRJpDRJrznDu%2BP3F6UBQ%3D; _pst=378441211-881260; __jdv=76161171|haosou-search|t_262767352_haosousearch|cpc|7945648310_0_fbb42de1728541908d024bd429708d8b|1712048601984; __jda=222648329.990047090.1712048578.1712048578.1712048579.1; __jdc=222648329; shshshfpb=BApXeECoEnetAWtcSWkFNrTtkhBHyVv5OBlBFglZp9xJ1Mn_yFoC2; source=PC; platform=pc; lpkLoginType=3; __jdb=222648329.5.990047090|1.1712048579; cn=0; 3AB9D23F7A4B3C9B=NGADT7BGKDRDBLYM4OAJR32KH4TUPAVOSJI3HVPWIOYNNEPAC3NU6HL5HKDSHNQNAOQKFMWHHOM4D4P7GGVNQMSVIY
