pushplus_token: 123456abc ## pushplus推送token
refresh_token: 123456abc ## 阿里云网盘刷新token
bilibili_cookie: 123456abc ## B站cookie
jd_cookie: __jdv=76161171|www.bing.com|-|referral|-|1710294779400; __jdu=1710294779400123870184; 3AB9D23F7A4B3CSS=jdd03NGADT7BGKDRDBLYM4OAJR32KH4TUPAVOSJI3HVPWIOYNNEPAC3NU6HL5HKDSHNQNAOQKFMWHHOM4D4P7GGVNQMSVIYAAAAMOGWBVXRAAAAAADGVKPET6UW44OUX; _gia_d=1; areaId=12; ipLoc-djd=12-904-0-0; PCSYCityID=CN_320000_320100_0; shshshfpa=c2430996-b72d-5f66-c767-a1af5ab77908-1710294785; shshshfpx=c2430996-b72d-5f66-c767-a1af5ab77908-1710294785; TrackID=1dZ7rhRuyqHe_C1vMYihPfqYxdhBRl6TsTqNny4Ba7Z5GIbs-quyXgI9oxPmzLd5weBbrY8P7peJKjcTV823LQGz3NCAXuhqyL6Fr7mEcC-g; thor=0C7470907005658E4C21462B43B6BD74D42A360BAFF0AD13EEE8B5B6F8AA7970C354D5B88ED9A10C317FCC9A7FBDFA02B145295E563D8144496D62E88DED0844B940DEDB7E1A1D45909C114E00ABC8F9F566518DC7302D7ADBA300D514F9F11EAC1EC952A9D6BD81DC4D72A4E53AF09BCD21E2C9688F14346DCDB8C7DD6BBA0D931FC22B37CB1F3CECEFAD9E4CB83A8FECC72E694210E4675D78FEC3059B6CE8; flash=2_2Xxa03r9nb-BvMydFCG77wP8ZjaW3PjCns5V17RBIf8TQlz2E6DwY3kboiEt9_UhxDpuSzZJrnIpYU5apuThs6JOMMBqzup1hXyUul1zJFh*; pinId=Eeq4QoZfRvwvFGIFfqAfR7V9-x-f3wj7; pin=378441211-881260; unick=%E5%8F%AB%E6%88%91%E5%B0%8F%E6%9B%BE; ceshi3.com=000; _tp=42x58TCytUsToGzMT8mTQF%2FbRJpDRJrznDu%2BP3F6UBQ%3D; _pst=378441211-881260; __jda=222648329.1710294779400123870184.1710294779.1710294779.1710294779.1; __jdc=222648329; shshshfpb=BApXeZbKMNutAtaeGRWqx0nWuyNjhccjSBlJoQKpp9xJ1Mr087IO2; source=PC; platform=pc; lpkLoginType=3; __jdb=222648329.6.1710294779400123870184|1.1710294779; cn=0; 3AB9D23F7A4B3C9B=NGADT7BGKDRDBLYM4OAJR32KH4TUPAVOSJI3HVPWIOYNNEPAC3NU6HL5HKDSHNQNAOQKFMWHHOM4D4P7GGVNQMSVIY
