pushplus_token: 123456abc ## pushplus推送token
refresh_token: 123456abc ## 阿里云网盘刷新token
bilibili_cookie: 123456abc ## B站cookie
jd_cookie: __jdv=76161171|cn.bing.com|-|referral|-|1706930890009; cud=3cea0d9c8400e4d8a5d183b56542ccb2; cvt=1; __jdu=17069308900081044426625; 3AB9D23F7A4B3CSS=jdd03C2QC36HGETGH5OH7VY5KHGZIVNB5Y2THT527DAJAQZNPRKBJEFFVK7YMHQP5Y3JHZ47CEAHMSRPRAMDN43TC3NRLZMAAAAMNNUBGMFAAAAAADKZAJYO3WJZY2AX; _gia_d=1; areaId=12; ipLoc-djd=12-904-0-0; shshshfpa=3a956cc3-28ab-8849-59fc-91ed9bd6e348-1706930891; shshshfpx=3a956cc3-28ab-8849-59fc-91ed9bd6e348-1706930891; TrackID=1Qa8b1hl1r6D0aD-cMi3MjhxRBq-5VevIatRS6Xy1AABIUAJJiJ-4DA2H7ny21gPFcP6xYv6S-P9VbiHnk2SxrUB41T-jtw3VvObR2MS2r-MLv3Ix2NB-YU0q8gn52oLO; thor=0C7470907005658E4C21462B43B6BD74D42A360BAFF0AD13EEE8B5B6F8AA79702DB7CE1BF7A1884315AF899396C58B7B3431664053A4BE1616698EF1569E27F6691CB724BEC49F06A4AE8F86EB3E6A7EDDBB17D0BC88ED6D033EE9E55E960E28B1E0075F45C6E0102BD8335DBE2A73E55E09F5F08EF7049B309B3E08874A6B85497249892279562352157DA658523490E327A87A10B2FBD7475E1D7C5E2DF0BB; flash=2_S1I3taBRg8_vhMQ1FOc-MYUZYZSPLJ5pdaLEozY5eRoH6cKEEfJEI_FXm4nBoBZudrgkN0iEKRkSoyYbES-r7KXNhVC55MJivBSw_74dkNo*; pinId=Eeq4QoZfRvwvFGIFfqAfR7V9-x-f3wj7; pin=378441211-881260; unick=%E5%8F%AB%E6%88%91%E5%B0%8F%E6%9B%BE; ceshi3.com=000; _tp=42x58TCytUsToGzMT8mTQF%2FbRJpDRJrznDu%2BP3F6UBQ%3D; _pst=378441211-881260; __jda=222648329.17069308900081044426625.1706930890.1706930890.1706930890.1; __jdb=222648329.4.17069308900081044426625|1.1706930890; __jdc=222648329; csn=4; shshshsID=945282b48350afb143ad28ada62df589_1_1706930931508; shshshfpb=BApXeDpALbuhAY8LT2uxm_es1-JogEFKSBkTSD75q9xJ1MneJoIO2; 3AB9D23F7A4B3C9B=C2QC36HGETGH5OH7VY5KHGZIVNB5Y2THT527DAJAQZNPRKBJEFFVK7YMHQP5Y3JHZ47CEAHMSRPRAMDN43TC3NRLZM; cn=23; source=PC; platform=pc; lpkLoginType=3
