pushplus_token: 123456abc ## pushplus推送token
refresh_token: 123456abc ## 阿里云网盘刷新token
bilibili_cookie: 123456abc ## B站cookie
jd_cookie: __jdu=168809509425436420776; shshshfpa=971b83fb-50ef-c3c8-4f0b-16148e5df95b-1688095094; shshshfpx=971b83fb-50ef-c3c8-4f0b-16148e5df95b-1688095094; jcap_dvzw_fp=7uwHhhmrzk2BhFVeXNbXcjAZlg5kNJ9c66DjpH5tpFpIEQ6k-ojK5qtIuiW6TKJsKTIConL9HpFQ3Y9sT2pVUA==; whwswswws=; commonAddress=4551928385; regionAddress=1%2C72%2C2819%2C0; pinId=Eeq4QoZfRvwvFGIFfqAfR7V9-x-f3wj7; __jdv=76161171|www.bing.com|-|referral|-|1708676626537; 3AB9D23F7A4B3CSS=jdd03RYUNO5PIHIF5SIS46O3D654626EDFP5QPVCMZHO3ODHID745LFWRWKERP2UFAKK3ZBXBII2TC3AVFYZCNYHNQ4LZEYAAAAMN2UIDU4YAAAAAD7MXZX3IIEV5DEX; _gia_d=1; areaId=12; ipLoc-djd=12-904-0-0; PCSYCityID=CN_320000_320100_0; TrackID=1CW_gM0QHoIxHw1aUhvw8kDYQ7zuFN2zeGzKwCxqfDabwxqQsg6xlBCyfqcUtFRxV9uPaH9hEv8hvMVj8cFI-1HM7loJHTXQNdsOYbyXzl_w; thor=0C7470907005658E4C21462B43B6BD74D42A360BAFF0AD13EEE8B5B6F8AA79703FC2EE20B725F9D07D66E346F274572E055BE8672CAFD532DD1249E8287CFFD87A6E81031FBBDE8B00BF81A643A81A19381FBEEEA3D88BEE5A547DD989D863D1D9AFD067B538600695EB516F1872E3B8A88ED3695D553B8415C0513ED68EAB09571AE5B701F6C24E2DE3B021E5599A93317EE4565B37E1B04ADF87A273F6B371; flash=2_Uk6nQw6kuCpSc-ilfSCOmnFzZS0C9lUBtF0qc-pGvKu2JBZW7McWxrcRloHIYNQv8Ls-TsPRSM6v3s6GTTGgv9J_I7HJIgVQvE0oyfQbffN*; pin=378441211-881260; unick=%E5%8F%AB%E6%88%91%E5%B0%8F%E6%9B%BE; ceshi3.com=000; _tp=42x58TCytUsToGzMT8mTQF%2FbRJpDRJrznDu%2BP3F6UBQ%3D; _pst=378441211-881260; 3AB9D23F7A4B3C9B=RYUNO5PIHIF5SIS46O3D654626EDFP5QPVCMZHO3ODHID745LFWRWKERP2UFAKK3ZBXBII2TC3AVFYZCNYHNQ4LZEY; cn=20; source=PC; platform=pc; lpkLoginType=3; jsavif=1; shshshfpb=BApXexw4Z1uhA7S3roqgtfP3Cf2M1m0iBB8pIV7tO9xJ1MtmNtYO2; __jda=222648329.168809509425436420776.1688095094.1705555512.1708676627.16; __jdb=222648329.8.168809509425436420776|16.1708676627; __jdc=222648329; shshshsID=08d6a2a2b097e6b911d295cabe19ad9d_5_1708676719461
