pushplus_token: 123456abc ## pushplus推送token
refresh_token: 123456abc ## 阿里云网盘刷新token
bilibili_cookie: 123456abc ## B站cookie
jd_cookie: unpl=JF8EAJdnNSttDxgHABhXTxIWSFRQW10ASh5WbmQABwhdSFwDGgtOG0N7XlVdWBRKEh9uZBRUW1NKVw4fCysSEXteU11bD00VB2xXXAQDGhUQR09SWEBJJVtcW1kPTh4Bb2Y1ZF5Ye1QEKwoTExFOW1VWXDhKJwRfVzVcVF1OVAErAysTIAkJCFpbCUIXCiJvDVVcXU1VDRoyGiIT; __jdu=990047090; shshshfpa=1cac7902-a806-a319-89ad-ed6649904f94-1712048579; shshshfpx=1cac7902-a806-a319-89ad-ed6649904f94-1712048579; pinId=Eeq4QoZfRvwvFGIFfqAfR7V9-x-f3wj7; pin=378441211-881260; unick=%E5%8F%AB%E6%88%91%E5%B0%8F%E6%9B%BE; _tp=42x58TCytUsToGzMT8mTQF%2FbRJpDRJrznDu%2BP3F6UBQ%3D; _pst=378441211-881260; __jdv=76161171|www.bing.com|-|referral|-|1713507841478; 3AB9D23F7A4B3CSS=jdd03NGADT7BGKDRDBLYM4OAJR32KH4TUPAVOSJI3HVPWIOYNNEPAC3NU6HL5HKDSHNQNAOQKFMWHHOM4D4P7GGVNQMSVIYAAAAMO6UDLPTAAAAAACBQ4X6B7K7XNMEX; _gia_d=1; areaId=12; ipLoc-djd=12-904-0-0; PCSYCityID=CN_320000_320100_0; wlfstk_smdl=mfbv579mikqronf34b9mh4ceudm8p62c; TrackID=178SiQfaS38_Jz6JAJHEc61g3UEwZbdDy-H9nuO0BHlxUZr1vf04POqIM24CoTuJ2-lNU9iWigHzVFrZe2FPxm6fGp2B77yfYoCLrkSb7Zcg; thor=0C7470907005658E4C21462B43B6BD74D42A360BAFF0AD13EEE8B5B6F8AA797016261DDD3E70034D4D6FED24D105238EF352CA1713FAFE5B6B2F0579B25814276075A8190B9E183B8C4F438D926C8C56CEF25CB57B45264D9EDCA90B2EBA2E843270317C22E12A0C72B3CD8702C04F412A05DE721C9478CAFB0829096EA576D33A7545EF2311E3198FF3B2CEDF2AAC750E446CECF75AD4954273CB7E89347D11; flash=2_EiMI9dRO6AABwiP77GcBPrKAch83sbR28wIYew3alpEm9ZTrZd37UJl_MCRcQPnykTtnK-cZofmzU7LLvAUJZ3j3-UTzkZ2F9AP-jq9o3bP*; ceshi3.com=000; __jda=222648329.990047090.1712048578.1712048579.1713507841.2; __jdc=222648329; TARGET_UNIT=squnit; source=PC; platform=pc; lpkLoginType=3; shshshfpb=BApXc9KMP9utAWtcSWkFNrTtkhBHyVv5OBlBFglZr9xJ1Mn_yFoC2; __jdb=222648329.5.990047090|2.1713507841; cn=0; 3AB9D23F7A4B3C9B=NGADT7BGKDRDBLYM4OAJR32KH4TUPAVOSJI3HVPWIOYNNEPAC3NU6HL5HKDSHNQNAOQKFMWHHOM4D4P7GGVNQMSVIY
