pushplus_token: 123456abc ## pushplus推送token
refresh_token: 123456abc ## 阿里云网盘刷新token
bilibili_cookie: 123456abc ## B站cookie
jd_cookie: __jdu=990047090; shshshfpa=1cac7902-a806-a319-89ad-ed6649904f94-1712048579; shshshfpx=1cac7902-a806-a319-89ad-ed6649904f94-1712048579; pinId=Eeq4QoZfRvwvFGIFfqAfR7V9-x-f3wj7; pin=378441211-881260; unick=%E5%8F%AB%E6%88%91%E5%B0%8F%E6%9B%BE; _tp=42x58TCytUsToGzMT8mTQF%2FbRJpDRJrznDu%2BP3F6UBQ%3D; _pst=378441211-881260; ceshi3.com=000; unpl=JF8EAJhnNSttUUNXBh9SHRcTGV5SWw9aGB9RbGNXUggLSVRQTwJPE0R7XlVdWBRKEx9ubhRUWVNLUw4YBysSEXteU11bD00VB2xXXAQDGhUQR09SWEBJJV9cXVgMSxEGaWcDZG1bS2QFGjITGhFKWFJfVQl7FjNoVzVkWl5PUwIfMhoiEXsfAAJbDE4QA2kqDVxcWU5SBBMDKxMgSA; 3AB9D23F7A4B3CSS=jdd03NGADT7BGKDRDBLYM4OAJR32KH4TUPAVOSJI3HVPWIOYNNEPAC3NU6HL5HKDSHNQNAOQKFMWHHOM4D4P7GGVNQMSVIYAAAAMPK4HYI2QAAAAADEMSQ3GXBTZXKUX; _gia_d=1; areaId=12; ipLoc-djd=12-904-0-0; PCSYCityID=CN_320000_320100_0; TrackID=1h4B93SAAuC57yDJyqMPgNqkNqcreBz8gsVGWMvNn42BToarXeN0ja2ECnwclkkPdTyb0uH01z1J81cHKMJYIJDkt9lw5E_Fhjg2xMI0gVeU; thor=0C7470907005658E4C21462B43B6BD74D42A360BAFF0AD13EEE8B5B6F8AA7970A24E42076F24F983A04ABCFBD7E5769F0E4CE1FFE9F0E87BC90ADEAE7D75BE9A8DB57E730E64B549F7DBE731F1EDCF98FBB95C2FAB6E22BD0D02E5D29581D7B0013B81679D42AB22265565B924ADE57EF804CD42CB3A3CD564043A0E1BF1A22D93E3DFD97B4052C566A84C324D6080B16B0DA43AB3700F4E43D8906A5CCE8F65; flash=2_IuJRvlzFjMyFbxoqJwtxj6UhIVD9ADvzblOcPJ9WQm6qm_tL79dz94CV-dC_7oH30UtG03gDgtUtIBnb48b9ZsQcZgdz1YuZ77DSAvSrsGt6MRBFCxzOyOHf_LxK3jsw6ry0S97YBM1TfJvkO7Ls4Ld8jK7ddUXhgsysB37GFko*; __jdv=76161171|haosou-search|t_262767352_haosousearch|cpc|39245174717_0_89225a742c274ccb9c25c7db31de1e0e|1715152614977; __jda=222648329.990047090.1712048578.1713507841.1715152585.3; __jdc=222648329; shshshfpb=BApXchokYVOpAWtcSWkFNrTtkhBHyVv5OBlBFglZs9xJ1Mn_yFoC2; source=PC; platform=pc; lpkLoginType=3; __jdb=222648329.5.990047090|3.1715152585; cn=0; 3AB9D23F7A4B3C9B=NGADT7BGKDRDBLYM4OAJR32KH4TUPAVOSJI3HVPWIOYNNEPAC3NU6HL5HKDSHNQNAOQKFMWHHOM4D4P7GGVNQMSVIY
