pushplus_token: 123456abc ## pushplus推送token
refresh_token: 123456abc ## 阿里云网盘刷新token
bilibili_cookie: 123456abc ## B站cookie
jd_cookie:
__jdv=76161171|www.bing.com|-|referral|-|1716535646389; __jdu=17165356463891873322854; areaId=12; shshshfpa=e7847b0a-635e-de05-57a6-73fa1c044dd7-1716535647; shshshfpx=e7847b0a-635e-de05-57a6-73fa1c044dd7-1716535647; TrackID=1pGkjpik-gHvZwPMpXX6TmeslUfD0J34Eh01CnTCFtFuODeiXB0llSpjbCUT1ae1XT9BQEkyhlqGMyfNizpK3164bHfmQhoQJAOfJrS-1YhY; thor=0C7470907005658E4C21462B43B6BD74D42A360BAFF0AD13EEE8B5B6F8AA79700968168ADF4AB2FDD1A6F4AA70453443C51BAFDF8B7F52E1E994F94C330AE69092C3D260C817DB8C869C86D1A46B69B6CF975FE4CD07862820A41C163454BEC0A79B4756AFA5DA62497BC78319F37B36DD0BDD011BB92AF39AA44D7025F8EEE4CDB9F3A9D2E310FA6445D43FF66908AF933EB43D6A45711B71EDF9C740BB5F3A; flash=2_zWRp6xIke5sQs3Sr_-VdaoxUQFPl7EeLk7aka6saa-pRc-N0pASIl9RTbvreyWfpi1XiciAIsBkvylS-wGdLufr_JvNn9opGb28XVU74-7vvltX7Oc0AMuoEMpG7Lu5lyfrKYcsNdgewhGPuveFCRvjjL2mz99ybnlevDRsK5Mp*; pinId=Eeq4QoZfRvwvFGIFfqAfR7V9-x-f3wj7; pin=378441211-881260; unick=%E5%8F%AB%E6%88%91%E5%B0%8F%E6%9B%BE; ceshi3.com=000; _tp=42x58TCytUsToGzMT8mTQF%2FbRJpDRJrznDu%2BP3F6UBQ%3D; _pst=378441211-881260; TARGET_UNIT=squnit; source=PC; platform=pc; jsavif=1; 3AB9D23F7A4B3CSS=jdd03MHFPOSQYRX7QWORXLHMR5VQLTKO6HBJAGDBWQ4WGZHTCH5MWD5DRCHIBUOXC7BP7KFHKGQJXSM3GD2VO6LCYOFT3WQAAAAMPVGDXWKQAAAAAC33KZWUDIXQSHYX; _gia_d=1; lpkLoginType=3; 3AB9D23F7A4B3C9B=MHFPOSQYRX7QWORXLHMR5VQLTKO6HBJAGDBWQ4WGZHTCH5MWD5DRCHIBUOXC7BP7KFHKGQJXSM3GD2VO6LCYOFT3WQ; shshshfpb=BApXcAw2PqupActUakRkwseVvGo2nwvwNBlQSUWho9xJ1Mtl6TYC2; cn=24; ipLoc-djd=12-904-50647-57885.4089811913; ipLocation=%u6c5f%u82cf; __jda=258787023.17165356463891873322854.1716535646.1716535646.1716535646.1; __jdb=258787023.11.17165356463891873322854|1.1716535646; __jdc=258787023
